TILEMAP
23 14 							-- Size of tile map in tiles
32 32						-- Tile size & block size
images/extendedtileset3.png 	-- Tilesheet
8 8 								-- Number of tiles in tilesheet
61 61 61 61 61 61 61 61 61 61 61 61 61 61 61 61 61 61 61 61 61 61 61 
61 61 61 61 61 61 61 61 61 61 61 61 61 61 61 61 61 61 61 61 61 61 61 
6 6 6 6 6 6 6 6 6 6 6 6 6 6 6 6 6 6 6 6 6 6 61 
6 6 6 6 6 6 6 6 6 6 6 6 6 6 6 6 6 6 6 6 6 6 61 
6 6 6 63 6 6 6 6 63 6 6 6 6 63 6 6 6 6 63 6 6 6 61 
6 6 6 62 6 6 6 6 62 6 6 6 6 62 6 6 6 6 62 6 6 6 61 
6 6 6 6 6 6 6 6 6 6 6 6 6 6 6 6 6 6 6 6 6 6 61 
6 6 6 6 6 6 6 6 6 6 6 6 6 6 6 6 6 6 6 6 6 6 61 
6 6 6 6 6 6 6 6 6 6 6 50 51 52 53 6 6 6 6 6 6 6 61 
6 6 6 6 6 6 6 6 6 6 6 49 22 21 48 6 6 6 6 6 6 6 61 
6 6 6 6 6 6 6 6 6 6 6 47 59 59 47 6 6 6 6 6 6 6 61 
6 6 6 6 6 6 6 6 6 6 6 47 20 20 47 6 6 6 6 6 6 6 61 
61 61 61 61 61 61 61 61 61 61 61 61 61 61 61 61 61 61 61 61 61 61 61 
61 61 61 61 61 61 61 61 61 61 61 61 61 61 61 61 61 61 61 61 61 61 61