TILEMAP
42 28 							-- Size of tile map in tiles
32 32						-- Tile size & block size
images/extendedtileset5.png 	-- Tilesheet
8 10 								-- Number of tiles in tilesheet3 
3 2 3 2 3 2 3 2 3 2 3 2 3 2 3 2 3 2 3 2 3 2 3 2 3 2 3 2 3 2 3 2 2 2 3 2 3 2 3 2 3 2 
4 5 4 5 4 5 4 5 4 5 4 5 4 5 4 5 4 5 4 5 4 5 4 5 4 5 4 5 4 5 4 5 4 5 4 5 4 5 4 5 4 5 
3 2 1 1 1 1 1 1 1 1 1 1 1 1 1 1 1 1 1 1 1 1 1 1 1 1 1 1 1 1 1 1 1 1 1 1 1 1 1 1 3 2 
4 5 1 1 1 1 1 1 1 1 1 1 1 1 1 1 1 1 1 1 1 1 1 1 1 1 1 1 1 1 1 1 1 1 1 1 1 1 1 1 4 5 
3 2 44 44 44 44 44 44 43 43 18 19 1 1 1 44 44 44 44 44 44 44 44 44 44 44 44 44 44 44 43 43 18 19 44 44 44 44 44 43 3 2 
4 5 6 6 6 6 6 6 43 43 18 19 1 1 45 6 6 6 6 6 6 6 6 6 6 6 6 6 6 6 43 43 18 19 6 6 6 6 6 43 4 5 
3 2 6 6 6 6 6 6 43 43 18 19 44 45 6 6 6 6 6 6 6 6 6 6 6 6 6 17 16 15 43 43 18 19 6 6 6 6 6 43 3 2 
4 5 6 6 6 6 6 6 43 43 18 19 6 6 6 6 6 6 6 6 6 6 6 6 6 6 6 13 11 14 43 43 18 19 6 6 6 6 6 43 4 5 
3 2 6 6 6 6 6 6 43 43 18 19 6 6 6 6 6 6 6 6 46 1 1 6 6 6 6 12 11 10 1 1 18 19 6 6 6 6 6 43 3 2 
4 5 6 6 6 46 1 6 43 43 18 19 6 6 6 6 6 6 6 6 44 44 45 6 6 6 6 7 8 9 43 43 18 19 1 1 1 6 6 43 4 5 
3 2 6 6 6 43 1 6 43 43 18 19 6 46 1 6 6 46 1 6 6 6 46 1 1 6 6 6 6 6 43 43 18 19 44 44 43 1 6 43 3 2 
4 5 6 76 6 43 1 6 43 43 18 19 42 43 1 6 6 44 45 6 6 6 44 44 45 58 6 42 6 6 43 43 18 19 6 6 44 45 6 43 4 5 
3 2 3 2 3 2 3 2 3 2 3 2 3 2 3 2 3 2 41 41 41 41 41 41 41 41 3 2 3 2 3 2 3 2 3 2 3 2 1 23 3 2 
4 5 4 5 4 5 4 5 4 5 4 5 4 5 4 5 4 5 24 24 24 24 24 24 24 24 4 5 4 5 4 5 4 5 4 5 4 5 1 23 4 5 
3 2 3 2 3 2 3 2 3 2 3 2 3 2 3 2 3 2 24 24 24 24 24 24 24 24 3 2 3 2 3 2 3 2 3 2 3 2 1 23 3 2 
4 5 4 5 4 5 4 5 4 5 4 5 4 5 4 5 4 5 1 1 1 1 1 1 1 1 4 5 4 5 4 5 4 5 4 5 4 5 1 23 4 5 
3 2 44 44 44 44 44 44 44 44 44 43 1 1 44 44 44 44 44 44 44 44 44 43 1 1 3 2 3 2 3 2 44 44 44 44 44 44 56 23 3 2 
4 5 6 6 6 6 6 6 6 6 6 43 1 45 6 6 6 6 6 6 6 6 6 43 1 1 4 5 4 5 4 5 6 6 6 6 6 6 54 23 4 5 
3 2 6 6 6 6 6 6 6 6 6 44 45 6 6 6 6 6 6 6 6 6 6 43 1 1 1 1 44 43 1 1 6 6 6 6 6 6 54 23 3 2 
4 5 6 6 6 6 6 25 26 6 6 6 6 6 17 16 15 6 6 17 16 15 6 44 44 44 44 45 6 44 44 45 6 6 6 6 6 6 54 23 4 5 
3 2 6 6 6 6 6 33 34 6 6 6 6 6 13 11 14 6 6 13 11 14 6 6 6 6 6 6 6 6 6 6 6 6 6 6 6 6 54 23 3 2 
4 5 6 6 6 27 28 29 30 31 32 6 6 6 12 11 10 6 6 12 11 10 6 6 6 6 6 6 6 6 6 6 6 6 6 6 6 6 54 23 3 5 
3 2 6 6 6 35 36 37 38 39 40 6 6 6 7 8 9 6 6 7 8 9 6 6 6 6 6 6 6 6 6 6 6 6 6 6 6 6 54 23 3 2 
4 5 6 6 6 6 6 6 6 6 6 6 6 6 6 6 6 6 6 6 6 6 6 6 6 6 6 6 6 6 6 6 46 1 42 42 1 6 54 23 4 5 
3 2 6 6 6 6 6 6 6 6 6 6 6 6 6 6 6 6 6 6 6 6 46 1 42 1 1 6 6 6 6 46 1 1 6 54 1 6 54 23 3 2 
4 5 6 6 6 6 6 6 6 6 6 6 6 46 1 6 6 6 6 6 6 6 43 1 43 1 1 1 6 6 1 1 1 1 6 54 1 6 55 43 4 5 
3 2 3 2 3 2 3 2 3 2 3 2 3 2 3 2 3 2 3 2 3 2 3 2 3 2 3 2 3 2 3 2 3 2 3 2 3 2 3 2 3 2 
4 5 4 5 4 5 4 5 4 5 4 5 4 5 4 5 4 5 4 5 4 5 4 5 4 5 4 5 4 5 4 5 4 5 4 5 4 5 4 5 4 5

