TILEMAP
32 22 							-- Size of tile map in tiles
32 32						-- Tile size & block size
images/negretiles.png 	-- Tilesheet
6 6 								-- Number of tiles in tilesheet
 1  1  1  1  1  1  1  1  1  1  1  1  1  1  1  1  1  1  1  1  1  1  1  1  1  1  1  1  1  1  1  1 
 1  1  1  1  1  1  1  1  1  1  1  1  1  1  1  1  1  1  1  1  1  1  1  1  1  1  1  1  1  1  1  1 
 1  1  1  1  1  1  1  1  1  1  1  1  1  1  1  1  1  1  1  1  1  1  1  1  1  1  1  1  1  1  1  1 
 1  1  1  1  1  1  1 36 33 33 33 33 33 33 33 33 33 33 33 33 33 33 33 33 31  1  1  1  1  1  1  1 
 1  1  1  1  1  1  1 32 1 1 1 1 1 1 1 1 1 1 1 1 1 1 1 1 32  1  1  1  1  1  1  1 
 1  1  1  1  1  1  1 32  1  1  1  1  1  1  1  1  1 1 1 1 1 1 1 1 32  1  1  1  1  1  1  1 
 1  1  1  1  1  1  1 32  1  1  1  1  1  1  1  1  1 1 1 1 1 1 1 1 32  1  1  1  1  1  1  1 
 1  1  1  1  1  1  1 32  1  1  1  1  1  1  1  1  1 1 1 1 1 1 1 1 32  1  1  1  1  1  1  1 
 1  1  1  1  1  1  1 32  1  1  1  1  1  1  1  1  1  1  1  1  1  1  1  1 32  1  1  1  1  1  1  1 
 1  1  1  1  1  1  1 32  1  1  1  1  1  1  1  1  1  1  1  1  1  1  1  1 32  1  1  1  1  1  1  1 
 1  1  1  1  1  1  1 32  1  1  1  1  1  1  1  1  1  1  1  1  1  1  1  1 32  1  1  1  1  1  1  1 
 1  1  1  1  1  1  1 32  1  1  1  1  1  1  1  1  1  1  1  1  1  1  1  1 32  1  1  1  1  1  1  1 
 1  1  1  1  1  1  1 32  1  1  1  1  1  1  1  1  1  1  1  1  1  1  1  1 32  1  1  1  1  1  1  1 
 1  1  1  1  1  1  1 35 33 33 33 33 33 33 33 33 33 33 33 33 33 33 33 33 34  1  1  1  1  1  1  1 
 1  1  1  1  1  1  1  1  1  1  1  1  1  1  1  1  1  1  1  1  1  1  1  1  1  1  1  1  1  1  1  1 
 1  1  1  1  1  1  1  1  1  1  1  1  1  1  1  1  1  1  1  1  1  1  1  1  1  1  1  1  1  1  1  1 
 1  1  1  1  1  1  1  1  1  1  1  1  1  1  1  1  1  1  1  1  1  1  1  1  1  1  1  1  1  1  1  1 
 1  1  1  1  1  1  1  1  1  1  1  1  1  1  1  1  1  1  1  1  1  1  1  1  1  1  1  1  1  1  1  1 
 1  1  1  1  1  1  1  1  1  1  1  1  1  1  1  1  1  1  1  1  1  1  1  1  1  1  1  1  1  1  1  1 
 1  1  1  1  1  1  1  1  1  1  1  1  1  1  1  1  1  1  1  1  1  1  1  1  1  1  1  1  1  1  1  1 
 1  1  1  1  1  1  1  1  1  1  1  1  1  1  1  1  1  1  1  1  1  1  1  1  1  1  1  1  1  1  1  1 
 1  1  1  1  1  1  1  1  1  1  1  1  1  1  1  1  1  1  1  1  1  1  1  1  1  1  1  1  1  1  1  1
