TILEMAP
132 48 							-- Size of tile map in tiles
32 32						-- Tile size & block size
images/extendedtileset5.png 	-- Tilesheet
8 10 								-- Number of tiles in tilesheet
3 2 1 3 2 3 2 3 2 3 2 3 2 1 3 2 3 2 43 18 19 6 6 6 6 6 6 6 6 6 6 6 6 6 6 6 6 6 6 6 6 6 6 6 6 6 6 6 6 6 43 1 3 2 3 2 3 2 3 2 3 2 3 2 3 2 3 2 3 2 6 6 6 6 6 6 43 43 18 19 6 6 6 6 6 6 6 6 6 6 6 6 6 43 3 2 3 2 3 2 3 2 1 1 1 1 1 1 1 1 3 2 3 2 43 43 18 19 6 6 6 6 6 6 6 6 6 6 6 43 3 2 
4 5 1 4 5 4 5 4 5 4 5 4 5 1 4 5 4 5 43 18 19 6 6 6 6 6 6 6 6 6 6 6 6 6 6 6 6 6 6 6 6 6 6 6 6 17 16 15 6 6 43 1 4 5 4 5 4 5 4 5 4 5 4 5 4 5 4 5 4 5 6 6 6 6 6 6 43 43 18 19 6 6 6 6 6 6 6 6 6 6 6 6 6 43 4 5 4 5 4 5 4 5 44 44 44 44 44 44 43 1 4 5 4 5 43 43 18 19 6 6 6 6 6 6 6 6 6 6 6 43 3 2 
3 2 44 44 43 43 18 19 43 3 2 43 43 1 44 43 3 2 43 18 19 6 6 6 6 6 6 6 6 6 6 6 6 6 6 6 6 6 6 6 6 6 6 6 6 13 11 14 6 6 43 1 3 2 3 2 3 2 3 2 3 2 3 2 3 2 3 2 3 2 6 6 6 6 6 6 43 43 18 19 6 6 6 17 16 15 6 6 17 16 15 6 6 44 44 44 44 44 44 44 44 45 6 6 6 6 6 6 43 1 3 2 3 2 43 43 18 19 6 17 16 15 6 17 16 15 6 6 6 43 3 2 
4 5 6 6 43 43 18 19 43 4 5 6 43 1 6 43 4 5 43 18 19 6 6 46 1  42  42 1 6 6 6 6 6 6 6 6 6 6 6  42 1  42  42 1 6 12 11 10 6 6 43 1 4 5 4 5 4 5 4 5 4 5 4 5 4 5 4 5 4 5 6 6 6 6 6 6 43 43 18 19 6 6 6 13 11 14 6 6 13 11 14 6 6 6 6 6 6 6 6 6 6 6 6 6 6 6 6 6 43 1 4 5 4 5 43 43 18 19 6 13 11 14 6 13 11 14 6 6 6 43 4 5 
3 2 6 6 43 43 18 19 44 44 45 6 44 45 6 44 44 43 43 18 19 6 6 43 1 6 57 1 6 6 6 6 6 6 6 6 6 6  42  42 1 6 57 1 6 7 8 9 6 6 43 1 1 1 1 1 1 1 1 1 1 1 1 1 1 1 1 1 1 1 6 6 6 6 6 6 43 43 18 19 6 6 6 12 11 10 6 6 12 11 10 6 6 6 6 6 6 6 6 6 6 6 6 6  42 6 6 6 43 1 3 1 1 1 43 43 18 19 6 12 11 10 6 12 11 10 6 6 1  42 3 2 
4 5 6 6 43 43 18 19 6 6 6 6 6 6 6 6 6 43 43 18 19 6 46 1 1 6 54 1 1  42 1 1 1 1 1 1 1 1 1  42 1 6 54 3 2 6 6 6 6 6 44 44 44 44 44 44 44 44 44 44 44 44 44 44 44 44 44 44 44 45 6 6 6 6 6 6 43 43 18 19 6 6 6 7 8 9 6 6 7 8 9 6 6 6 6 6 6 6 6 46 1 1 1 1 1 1 6 6 44 44 44 44 44 45 43 43 18 19 6 7 8 9 6 7 8 9 6 6 6 79 4 5 
3 2 6 6 43 43 18 19 6 6 6 6 6 6 6 6 6 43 43 18 19 6 43 3 2 6 55 44 45 6 44 44 44 44 44 44 44 44 45 6 45 6 54 4 5 6 6 6 6 6 6 6 6 6 6 6 6 6 6 6 6 6 6 6 6 6 6 6 6 6 6 6 6 6 6 6 43 43 18 19 6 6 6 6 6 6 6 6 6 6 6 6 6 6 6 6 6 6 6 43 3 2 3 2 3 2 6 6 6 6 6 6 6 6 43 43 18 19 6 6 6 6 6 6 6 46 3 2 3 2 3 2 
4 5 6 6 43 43 18 19 6 6 6 6 6  42 6 6 6 43 43 18 19 46 1 4 5 6 6 6 6 6 6 6 6 6 6 6 6 6 6 6 6 6  42 3 2 1 6  42 6 6 6 6 6 6 6 6 6 6 6 6 6 6 6 6 6 6 6 6 6 6 6 6 6 6 6 6 6 43 18 19 6 6 6 6 6 6 6 6 6 6 6 46 1 1 1 1 1 1 1 23 4 5 4 5 4 5 6 6 6 6 6 6 6 6 43 43 18 19 6  42 6 6 6 6 46 1 4 5 4 5 4 5 
3 2 6 6 43 43 18 19 6 46 3 2 3 2 3 2 1 43 43 18 19 43 1 3 2 6 6 46 3 2 6 6 6 6 6 6 6 6 6 6 6  42 78 4 5 1 6  42  42 6 6 6 6 6 6 6 6 6 6 6 6 6 6 6 6 6 6 6 6 1  42 1 41 41 41 41 3 2 3 2 3 2 6 6 6 6 6 6 6 46 3 2 3 2 3 2 3 2 3 23 3 2 3 2 3 2 3 2 3 2 3 2 3 2 3 2 3 2  42  42 6 6 6 46 1 1 3 2 3 2 3 2 
4 5 23 1 1 1 1 1 1 1 4 5 4 5 4 5 1 1 1 1 1 1 1 4 5 1 1 1 4 5 1 1 6 57 23 1 1 1 1 1 1 1 1 1 1 1 1 1 1 1 1 1 1 1 1 1 1 1 1 1 1 1 1 1 1 1 1 1 1 1 79 1 24 24 24 24 4 5 4 5 4 5 6 6 6 6 6 6 6 43 4 5 4 5 4 5 4 5 4 23 4 5 4 5 4 5 4 5 4 5 4 5 4 5 4 5 4 5 79  42  42 46 1 1 1 1 4 5 4 5 4 5 
3 2 23 3 2 3 2 3 2 3 2 3 2 3 2 3 2 3 2 3 2 3 2 3 2 3 2 3 2 3 2 1 6 54 23 1 3 2 3 2 3 2 3 2 3 2 3 2 3 2 3 2 3 2 3 2 3 2 3 2 3 2 3 2 3 2 3 2 3 2 3 2 24 24 24 24 3 2 3 2 3 2  42  42 3 2 3 2 3 2 3 2 3 2 3 2 3 2 3 23 3 2 3 2 3 2 3 2 3 2 3 2 3 2 3 2 3 2 3 2 3 2 3 2 3 2 3 2 3 2 3 2 
4 5 23 4 5 4 5 4 5 4 5 4 5 4 5 4 5 4 5 4 5 4 5 4 5 4 5 4 5 4 5 1 6 54 23 1 4 5 4 5 4 5 4 5 4 5 4 5 4 5 4 5 4 5 4 5 4 5 4 5 4 5 4 5 4 5 4 5 4 5 4 5 24 24 24 24 4 5 4 5 4 5 6 54 4 5 4 5 4 5 4 5 4 5 4 5 4 5 4 23 4 5 4 5 4 5 4 5 4 5 4 5 4 5 4 5 4 5 4 5 4 5 4 5 4 5 4 5 4 5 4 5 
3 2 23 3 2 3 2 3 2 1 1 1 1 1 1 1 1 1 1 1 1 1 1 1 1 1 1 1 1 1 1 1 6 54 23 3 2 1 44 44 44 44 44 44 44 44 44 44 43 1 1 1 1 1 1 1 1 1 1 1 1 1 1 1 3 2 3 2 3 2 3 2 3 2 3 2 3 2 3 2 3 2 6 54 3 2 3 2 3 2 3 2 3 2 3 2 3 2 3 23 3 2 1 1 1 1 1 1 1 1 1 1 1 1 1 1 1 1 1 1 1 1 1 1 1 1 1 1 1 1 3 2 
4 5 23 4 5 4 5 4 5 1 44 44 44 43 1 1 44 44 44 44 44 44 44 44 44 44 44 44 44 44 43 1 6 54 23 4 5 1 6 6 6 6 6 6 6 6 6 6 44 44 44 44 44 44 43 43 18 19 44 44 44 44 43 1 4 5 4 5 4 5 4 5 4 5 4 5 4 5 4 5 4 5  42  42 4 5 4 5 4 5 4 5 4 5 4 5 4 5 4 23 4 5 1 44 44 44 44 44 44 44 44 44 44 44 44 44 44 44 44 44 44 43 43 18 19 44 44 44 44 43 4 5 
3 2 23 3 2 3 2 3 2 1 6 6 6 44 44 45 6 6 6 6 6 17 16 15 6 6 6 6 6 6 44 45 6 54 23 3 2 1 77 6 6 6 6 6 6 6 6 6 6 6 6 6 6 6 43 43 18 19 6 6 6 6 43 1 3 2 3 2 3 2 1 1 1 44 44 44 44 44 44 44 44 44 6 55 44 44 44 44 44 44 44 44 44 44 44 44 44 44 56 23 3 2 1 6 17 16 15 6 6 17 16 15 6 6 17 16 15 6 6 6 6 43 43 18 19 6 6 6 6 43 3 2 
4 5 23 4 5 4 5 4 5 1 6 6 6 6 6 6 6 6 6 6 6 13 11 14 6 6 6 6 6 6 6 6 6 54 23 4 5 1 1 1 1 6 6 6 6 6 6 6 6 6 6 6 6 6 43 43 18 19 6 6 6 6 43 1 4 5 4 5 4 5 44 44 45 6 6 17 16 15 6 6 6 6 6 6 6 6 6 6 6 17 16 15 6 6 17 16 15 6 54 23 4 5 1 6 13 11 14 6 6 13 11 14 6 6 13 11 14 6 6 6 6 43 43 18 19 6 6 6 6 43 4 5 
3 2 23 44 44 44 44 44 44 45 6 6 6 6 6 6 6 6 6 6 6 12 11 10 6 6 6 6 6 6 6 6 6 54 23 44 44 44 44 44 45  6  6 3 2 3 2 1 6 6 6 6 6 6 43 43 18 19 6 6 6 6 43 1 3 2 3 2 3 2 6 6 6 6 6 13 11 14 6 6 6 6 6 6 6 6 6 6 6 13 11 14 6 6 13 11 14 6 54 23 3 2 1 6 12 11 10 6 6 12 11 10 6 6 12 11 10 6 6 6 6 43 43 18 19 6  6  6 6 43 3 2 
4 5 23 6 6 6 6 6 6 6 6 6 6 6 6 6 6 6 6 6 6 7 8 9 6 6 6 6 6 6 6 6 6 54 23 6 6 6 6 6 6 6 57 4 5 4 5 1 6 6 6 6 6 6 43 43 18 19 6 6 6 6 43 1 4 5 4 5 4 5 6 6 6 6 6 12 11 10 6 6 6 6 6 6 6 6 6 6 6 12 11 10 6 6 12 11 10 6 55 43 4 5 1 6 7 8 9 6 6 7 8 9 6 6 7 8 9 6 6 6 6 43 43 18 19 6 6  6 6 43 4 5 
3 2 23 6 6 6 6 6 6 6 6  42 6 6 6 6 46 1 1 6 46 1 1 1 6 46 1 1 1 6 6 46 3 2 23 6 6 6 6 6 6 6 55 44 44 44 44 45 46 1 1 6 6 6 43 43 18 19 6 6 6 6 43 1 3 2 3 2 3 2 6 6 6 6 6 7 8 9 6 6 6 6 6 6 6 6 6 6 6 7 8 9 6 6 7 8 9 6 6 43 3 2 1 6 6 6 6 6 6 6 6 6 6 6 46 1 1 1 6 6 6 43 43 18 19 6 6  6  6 43 3 2 
4 5 23 6 6 6 6  42 6 6 6  42 1 1 1 1 44 44 45 6 44 44 44 45 6 44 44 44 45 6 6 43 4 5 45 6 6 6 6 6 6 6 6 6 6 6 6 6 44 44 45 6 6 6 43 43 18 19 6 6 6 6 43 1 4 5 4 5 4 5 6 6 6 6 6 6 6 57 1 57 1 6 6 6 6 6 6 6 6 6 6 6 6 6 6 6 6  42 42 43 4 5 1 6 6 6 6 6 6 6 6 6 6 6 44 44 44 56 1 6 6 43 43 18 19 6 6 6 6 43 4 5 
3 2 3 2 3 2 3 2 3 2 3 2 3 2 3 2 6 6 6 6 6 6 6 6 6 6 6 6 6 6 3 2 3 2 1 46 1 1 6 46 1 1 6 6 6 6 6 6 6 6 6 6 6 3 2 3 2 3 2 3 2 1 23 1 3 2 3 2 3 2 6 6 6 6 6 6 6 55 45 55 6 6 6 6 1 6 57 1 1 6 57 1 6 6 6 6  42  42 6 43 3 2 1 6 6 6 6 6 6 6 6 6 6 42 42 6 6 55 45 42 42 43 43 18 19 42 42 42 42 43 3 2 
4 5 4 5 4 5 4 5 4 5 4 5 4 5 4 5 41 41 41 41 41 41 41 41 41 41 41 41 41 41 4 5 4 5 41 41 41 41 41 41 41 41 41 41 41 41 41 41 41 41 41 41 41 4 5 4 5 4 5 4 5 1 23 1 4 5 4 5 4 5 23 1 1 1 1 1 1 41 41 41 41 41 41 41 41 41 41 41 41 41 41 41 41 41 1 1 1 1 1 1 4 5 1 1 1 1 1 1 1 1 1 1 1 1 1 1 1 1 1 1 1 1 1 1 1 1 1 1 1 23 4 5 
3 2 3 2 3 2 3 2 3 2 3 2 3 2 3 2 24 24 24 24 24 24 24 24 24 24 24 24 24 24 24 24 24 24 24 24 24 24 24 24 24 24 24 24 24 24 24 24 24 24 24 24 24 3 2 3 2 3 2 3 2 1 23 1 3 2 3 2 3 2 23 3 2 3 2 3 2 24 24 24 24 24 24 24 24 24 24 24 24 24 24 24 24 24 3 2 3 2 3 2 3 2 3 2 3 2 3 2 3 2 3 2 3 2 3 2 3 2 3 2 3 2 3 2 3 2 3 2 1 23 3 2 
4 5 4 5 4 5 4 5 4 5 4 5 4 5 4 5 1 1 1 1 1 1 1 1 1 1 1 1 1 1 1 1 1 1 1 1 1 1 1 1 1 1 1 1 1 1 1 1 1 1 1 1 1 4 5 4 5 4 5 4 5 1 23 1 4 5 4 5 4 5 23 4 5 4 5 4 5 24 24 24 24 24 24 24 24 24 24 24 24 24 24 24 24 24 4 5 4 5 4 5 4 5 4 5 4 5 4 5 4 5 4 5 4 5 4 5 4 5 4 5 4 5 4 5 4 5 4 5 1 23 4 5 
3 2 3 2 3 2 3 2 1 1 1 1 1 1 1 1 1 1 1 1 3 2 3 2 3 2 3 2 3 2 3 2 3 2 3 2 3 2 3 2 3 2 3 2 3 2 1 1 1 1 1 1 1 1 1 1 1 1 1 1 1 1 23 1 3 2 3 2 3 2 23 1 1 1 1 1 3 2 3 2 3 2 1 3 2 1 1 1 1 1 1 1 1 1 1 1 1 1 1 1 1 1 1 1 1 1 1 1 1 3 2 1 1 1 1 1 3 2 44 44 44 44 44 44 44 44 44 44 56 23 3 2 
4 5 4 5 4 5 4 5 43 18 19 44 43 43 18 19 44 44 44 43 4 5 4 5 4 5 4 5 4 5 4 5 4 5 4 5 4 5 4 5 4 5 4 5 4 5 44 43 43 18 19 44 44 44 44 44 44 44 44 44 44 56 23 1 4 5 4 5 4 5 23 6 6 6 6 6 4 5 4 5 4 5 1 4 5 44 44 44 44 44 44 43 3 2 44 44 44 44 44 44 44 44 44 44 44 44 44 43 1 4 5 44 44 44 43 1 4 5 78 6 6 6 6 6 6 6 6 6 54 23 4 5 
3 2 44 44 44 44 44 43 43 18 19 6 43 43 18 19 6 6 6 44 44 44 44 44 44 44 44 43 3 2 43 43 3 2 1 1 1 1 3 2 43 43 3 2 1 1 6 43 43 18 19 6 6 6 6 6 6 6 6 6 6 54 23 1 3 2 3 2 3 2 23 6 6 6 6 6 6 43 3 2 44 43 1 3 2 6 6 6 6 6 6 43 4 5 6 6 6 6 6 6 6 6 6 6 6 6 6 44 44 44 45 6 6 6 43 1 3 2 1 1 6 6 6 6 6 6 6 6 54 23 3 2 
4 5 6 17 16 15 6 43 43 18 19 6 43 43 18 19 6 6 6 6 6 6 6 6 6 6 6 43 4 5 6 43 4 5 44 44 44 43 4 5 6 43 4 5 44 45 6 43 43 18 19 6 6 6 6 6 6 6 6 6 6 55 43 1 4 5 4 5 4 5 23 6 6 6 6 6 6 43 4 5 6 43 1 4 5 6 6 17 16 15 6 44 44 45 6 6 17 16 15 6 6 6 6 6 6 6 6 6 6 6 6 6 6 6 43 1 4 5 44 45 6 6 6 6 6 46 1 1 1 1 4 5 
3 2 6 13 11 14 6 43 43 18 19 6 43 43 18 19 6 6 6 6 6 6 6 6 6 6 6 44 44 45 6 44 44 45 6 6 6 43 1 1 6 43 1 1 6 6 6 43 43 18 19 1 1 1 1 6 6 6 46 1 1 1 43 1 3 2 3 2 3 2 23 6 6 6 6 6 6 44 44 45 6 44 44 44 45 6 6 13 11 14 6 6 6 6 6 6 13 11 14 6 6 6 6 6 6 6 6 6 6 6 6 6 6 6 43 1 3 2 6 6 6 6  42 6 6 44 44 44 44 43 3 2 
4 5 6 12 11 10 6 43 43 18 19 6 43 43 18 19 6 6 6 6 6 6 6 6 6 6 6 6 6 6 6 6 6 6 6 6 6 44 44 45 6 44 44 45 6 6 6 43 43 18 19 44 44 44 45 6 6 6 44 44 44 44 43 1 4 5 4 5 4 5 23 6 6 6 6 6 6 6 6 6 6 6 6 6 6 6 6 12 11 10 6 6 6 6 6 6 12 11 10 6 6 6 6 6 6 6 6 6 6 6 6 6  42 6 43 1 4 5 6 6 46 1 1 1 6 6 6 6 6 43 4 5 
3 2 6 7 8 9 6 43 43 18 19 6 43 43 18 19 6 6 46 3 2 1 6 6 6 6 6 6 6 6 6 6 6 6 6 6 6 6 6 6 6 6 6 6 6 46 3 2 1 18 19 6 6 6 6 46 1 6 6 6 6 6 43 1 3 2 3 2 3 2 23 6 6  42 6 6 6 6 6 6 6 6 6 6 6 6 6 7 8 9 6 6 6 6 6 6 7 8 9 6 6  42  42 6  42 6 6 6  42 6  42  42  42 6 43 1 3 2 6 6 44 44 44 45 6 6 6 6 6 43 3 2 
4 5 6 6 6 6 6 43 43 18 19 6  42 43 18 19 6 6 43 4 5 1 6 6 6 6 6 46 1 1 6 46 1 1 6 6 6 6 6 6 6 6 6 6 6 43 4 5 1 18 19 6 6 6 6 43 1 1 6 6 6 6 43 1 4 5 4 5 4 5 23 6 6  6  6 6 6 6 6 6 6 6 6 6 6 6 6  42 6 6 6 6 6 46 1 1 1 1 1 1 23 1 1 23 1 1 23 1 1 23 1 1 1 1 1 1 4 5 6 6 6 6 6 6 6 6 6 6 6 43 4 5 
3 2 6 6 6 6 6 43 43 18 19  6  6 43 18 19 6 6 43 3 2 1 41 41 41 3 2 3 2 3 2 3 2 1 6 6  42 6 6 46 1 1 6 6 6 43 3 2 1 18 19 6  6  6 6 43 1 45 6 6  42  42 43 1 3 2 3 2 3 2 23 6  6  6 6 6 6 6 6 6 6 6 6 6 6 6  42  42 6 6 6 6 6 43 3 2 3 2 3 2 23 1 1 23 3 2 23 3 2 23 3 2 3 2 3 2 3 2 3 2 3 2 6 6 6 6 6 6 6 43 3 2 
4 5 23 1 1 1 1 1 1 1 1 1 1 1 1 1 1 1 1 4 5 1 24 24 24 4 5 4 5 4 5 4 5 1 41 41 1 1 1 1 1 1 1 1 1 1 4 5 1 1 1 1 1 1 1 1 1 1 1 1 1 1 1 1 4 5 4 5 4 5 1 1 1 1 1 1 41 41 41 1 1 1 1 41 41 1 1 1 1 1 1 1 1 23 4 5 4 5 4 5 23 1 1 23 4 5 23 4 5 23 4 5 4 5 4 5 4 5 4 5 4 5 6  42  42 6 6 6 6 43 4 5 
3 2 23 3 2 3 2 3 2 3 2 3 2 3 2 3 2 3 2 3 2 3 24 24 24 3 2 3 2 3 2 3 2 3 24 24 2 3 2 1 3 2 3 2 3 2 3 2 3 2 3 2 3 2 3 2 3 2 3 2 3 2 3 2 3 2 3 2 3 2 3 2 3 2 3 2 24 24 24 3 2 3 2 24 24 3 2 3 2 3 2 3 2 23 3 2 3 2 3 2 23 1 1 23 3 2 3 2 3 2 3 2 3 2 3 2 3 2 3 2 3 2 3 2 3 2 6 6 6 43 3 2 
4 5 23 4 5 4 5 4 5 4 5 4 5 4 5 4 5 4 5 4 5 4 24 24 24 4 5 4 5 4 5 4 5 4 24 24 5 4 5 1 4 5 4 5 4 5 4 5 4 5 4 5 4 5 4 5 4 5 4 5 4 5 4 5 4 5 4 5 4 5 4 5 4 5 4 5 1 1 1 4 5 4 5 1 1 4 5 4 5 4 5 4 5 23 4 5 4 5 4 5 23 1 1 23 4 5 4 5 4 5 4 5 4 5 4 5 4 5 4 5 4 5 4 5 4 5 6 6 6 43 4 5 
3 2 23 3 2 3 2 3 2 3 2 3 2 3 2 3 2 3 2 3 2 3 2 3 2 3 2 43 43 3 2 1 1 1 1 1 1 1 1 1 3 2 3 2 3 2 3 2 3 2 3 2 3 2 3 2 3 2 3 2 3 2 3 2 3 2 3 2 3 2 44 44 44 44 44 44 44 44 44 44 44 44 44 44 44 44 44 44 44 44 44 44 44 23 3 2 44 44 44 56 23 1 1 23 1 1 1 1 1 1 1 1 1 1 1 1 1 1 1 1 1 1 1 1 1 1 1 1 1 23 3 2 
4 5 23 4 5 4 5 4 5 4 5 4 5 4 5 4 5 4 5 4 5 4 5 4 5 4 5 6 43 4 5 44 44 44 44 44 44 44 43 1 4 5 4 5 4 5 4 5 4 5 4 5 4 5 4 5 4 5 4 5 4 5 4 5 4 5 4 5 4 5 6 17 16 15 6 6 17 16 15 6 6 17 16 15 6 6 17 16 15 6 6 6 6 23 4 5 6 6 6 54 23 1 1 23 44 44 44 43 3 2 44 43 3 2 44 44 44 44 44 44 44 44 44 44 43 3 2 3 2 23 4 5 
3 2 23 43 43 43 43 43 43 43 1 1 1 43 43 43 43 43 43 43 43 43 43 43 43 3 2 6 43 1 1 6 6 6 6 6 6 6 43 43 1 3 2 43 43 3 2 43 43 18 19 43 43 43 18 19 43 43 3 2 3 2 3 2 3 2 3 2 3 2 6 13 11 14 6 6 13 11 14 6 6 13 11 14 6 6 13 11 14 6 6 6 6 23 3 2 3 2 3 2 3 2 1 23 6 6 6 43 4 5 6 43 4 5 6 6 6 6 6 6 6 6 6 6 43 4 5 4 5 23 3 2 
4 5 23 6 6 6 6 6 6 43 1 1 1 6 6 6 6 6 6 6 6 6 6 6 43 4 5 6 44 44 45 6 6 6 6 6 6 6 6 43 1 4 5 6 43 4 5 43 43 18 19 6 43 43 18 19 6 43 4 5 4 5 4 5 4 5 4 5 4 5 6 12 11 10 6 6 12 11 10 6 6 12 11 10 6 6 12 11 10 6 6 6 6 23 4 5 4 5 4 5 4 5 1 23 6 6 6 44 44 45 6 44 44 45 6 6 6 6 6 6 6 6 6 6 44 44 44 44 56 23 4 5 
3 2 23 6 6 6 6 6 6 44 44 44 45 6 6 6 6 6 6 6 6 6 6 6 44 44 45 6 6 6 6 6 6 6 6 6 6 6 6 44 44 44 45 6 44 44 45 43 43 18 19 6 43 43 18 19 6 43 1 1 1 1 3 2 3 2 3 2 3 2 6 7 8 9 6 6 7 8 9 6 6 7 8 9 6 6 7 8 9 6 6 6 6 23 3 2 3 2 3 2 3 2 1 23 6 6 6 6 6 6 6 6 6 6 6 6 6 46 1 6 6 6 6 6 6 6 6 6 54 23 3 2 
4 5 45 6 6 6 6  42 6 6 6 6 6 6 6 6 6 6 6 6 6 6 6 6 6 6 6 6 6 6 46 1 1 1 6 6 6 6 6 6 6 6 6 6 6 6 6 43 43 18 19 6 43 43 18 19 6 44 44 44 43 1 4 5 4 5 4 5 4 5 6 6 6 6 6 6 6 6 6 6 6 6 6 6 6 6 6 6 6 6 6 6 6 23 4 5 4 5 4 5 4 5 1 23 6 46 1 1 1 6 6 6 46 1 1 1 1 1 1 6 46 1 1 1 1 1 6 6 54 23 4 5 
3 2 6 6 6 6  42  42  42 6 6 6 6 6 6 46 1 1 6 6 6 6  42 6 6 6 6 6 6 6 43 1 1 1 1 6 6 6 6 6 6 6 6 6 6 6 6 43 43 18 19 6 43 43 18 19 6 6 6 6 43 1 1 1 3 2 3 2 3 2  42 6 6 6 6 6 6 6 6 6 6 6 6 6 6 6 6 6 6 46 3 2 3 2 3 2 3 2 3 2 3 2 1 45 6 44 44 44 45 6 6 6 44 44 44 44 44 44 45 6 44 44 44 43 3 2 6 6 55 43 3 2 
4 5 6 6 6 6  42  42  42 6 6 6 6 6 6 44 44 45 6 6 6  42  42  42 6 6 6 6 6 6 43 1 1 1 1 1 6 6 6 6 6 6 6 6 6 6 6 43 43 18 19 6 43 43 18 19 6 6 6 6 44 44 44 1 4 5 4 5 4 5  42  42 6 6 6 6 6 6  42 6 6 6 6 6 6 6 6 6 46 1 4 5 4 5 4 5 4 5 4 5 4 5 1 6 6 6 6 6 6 6 6 6 6 6 6 6 6 6 6 6 6  42 6 43 4 5 1 6 6 43 4 5 
3 2 3 2 3 2 3 2 3 2 3 2 3 2 1 41 41 41 41 3 2 3 2 3 2 3 2 6 6 3 2 3 2 3 2 1 1 6 6 6 6 46 1 1 1 1 6 43 43 18 19 6 43 43 18 19 6 46 1 1 6 6 6 1 3 2 3 2 3 2 77  42 6 6 6 6 6  42  42  42 6 6 6 6 6 6 6 46 3 2 3 2 3 2 3 2 3 2 3 2 3 2 1 6 6 6 6 46 3 2 6 42 42 3 2 6 6 6 6 6  42  42 6  42 3 2 1 6 6 43 3 2 
4 5 4 5 4 5 4 5 4 5 4 5 4 5 1 24 24 24 24 4 5 4 5 4 5 4 5 1 1 4 5 4 5 4 5 1 1 1 41 41 41 1 1 1 1 1 1 1 1 1 1 1 1 1 1 1 1 1 1 1 1 1 1 1 4 5 4 5 4 5 1 1 1 1 1 1 1 1 1 1 1 1 41 41 41 1 1 1 4 5 4 5 4 5 4 5 4 5 4 5 4 5 1 1 1 1 1 1 4 5 1 1 1 4 5 1 1 1 1 1 1 1 1 1 4 5 1 1 1 1 4 5